# SNAP pixel extraction export table
#
# Window size: 1
# Created on:	2024-08-06 14:53:37

# Wavelength:	 	 	 	 	 	 	 	 	351.0	361.0	385.0	413.0	425.0	442.0	460.0	475.0	490.0	510.0	532.0	555.0	583.0	618.0	640.0	655.0	665.0	678.0	711.0	351.0	361.0	385.0	413.0	425.0	442.0	460.0	475.0	490.0	510.0	532.0	555.0	583.0	618.0	640.0	655.0	665.0	678.0	711.0	351.0	361.0	385.0	413.0	425.0	442.0	460.0	475.0	490.0	510.0	532.0	555.0	583.0	618.0	640.0	655.0	665.0	678.0	711.0	351.0	361.0	385.0	413.0	425.0	442.0	460.0	475.0	490.0	510.0	532.0	555.0	583.0	618.0	640.0	655.0	665.0	678.0	711.0	442.0	0.0	442.0	0.0	0.0	442.0	442.0	442.0	0.0	0.0	0.0
ProdID	CoordID	Name	Latitude	Longitude	PixelX	PixelY	Date(yyyy-MM-dd)	Time(HH_mm_ss)	a_351	a_361	a_385	a_413	a_425	a_442	a_460	a_475	a_490	a_510	a_532	a_555	a_583	a_618	a_640	a_655	a_665	a_678	a_711	bb_351	bb_361	bb_385	bb_413	bb_425	bb_442	bb_460	bb_475	bb_490	bb_510	bb_532	bb_555	bb_583	bb_618	bb_640	bb_655	bb_665	bb_678	bb_711	aph_351	aph_361	aph_385	aph_413	aph_425	aph_442	aph_460	aph_475	aph_490	aph_510	aph_532	aph_555	aph_583	aph_618	aph_640	aph_655	aph_665	aph_678	aph_711	Kd_351	Kd_361	Kd_385	Kd_413	Kd_425	Kd_442	Kd_460	Kd_475	Kd_490	Kd_510	Kd_532	Kd_555	Kd_583	Kd_618	Kd_640	Kd_655	Kd_665	Kd_678	Kd_711	adg_442	adg_s	bbp_442	bbp_s	rrsdiff	aph_unc_442	adg_unc_442	bbp_unc_442	l2_flags	longitude	latitude
0	1	1	37.584271	-76.302878	1387.500	731.500	2024-05-22	17:40:18			1.4689000844955444	0.8736000657081604	0.7462000250816345	0.597800076007843	0.46160006523132324	0.3762000501155853	0.31050005555152893	0.25380006432533264	0.21030005812644958	0.17830005288124084	0.17810006439685822	0.34070006012916565	0.3825000524520874	0.44530004262924194	0.5408000349998474	0.5979000329971313	0.8734000325202942	0.026740003377199173	0.02591000311076641	0.024250004440546036	0.022915003821253777	0.022430002689361572	0.021810004487633705	0.021295003592967987	0.020900003612041473	0.02055000327527523	0.020135004073381424	0.019720003008842468	0.01935500279068947	0.018970003351569176	0.018550002947449684	0.018310002982616425	0.018160004168748856	0.01806500367820263	0.01794000342488289	0.017660003155469894			0.31640005111694336	0.16860005259513855	0.1811000555753708	0.1811000555753708	0.15240006148815155	0.13610005378723145	0.12080006301403046	0.10070005804300308	0.08480006456375122	0.06470005959272385	0.04690006375312805	0.05180006101727486	0.05960006266832352	0.06870006024837494	0.10840006172657013	0.13100005686283112	0.03140006214380264			1.7069998979568481	1.0507999658584595	0.9095999598503113	0.7447999715805054	0.5938000082969666	0.4983999729156494	0.4244000017642975	0.3594000041484833	0.30859997868537903	0.2703999876976013	0.2687999904155731	0.4503999948501587	0.49559998512268066	0.5640000104904175	0.6685999631881714	0.7303999662399292	1.0311999320983887	0.40980005264282227	0.017999999225139618	0.01970500312745571	0.26560190320014954	0.05265415087342262	0.17900006473064423	0.11090005934238434	0.007325003854930401	1082132804	-76.30104064941406	37.58317565917969
0	2	2	37.246158	-76.370501	1382.500	756.500	2024-05-22	17:40:18			1.860300064086914	1.1420999765396118	0.909000039100647	0.6619000434875488	0.48590004444122314	0.3726000487804413	0.28870004415512085	0.22000005841255188	0.16770005226135254	0.1406000554561615	0.14650006592273712	0.29370006918907166	0.32290005683898926	0.3737000524997711	0.42350006103515625	0.4540000557899475	0.8402000665664673	0.024205002933740616	0.02346000261604786	0.02200000360608101	0.020865004509687424	0.020465003326535225	0.019960002973675728	0.019555004313588142	0.01925000362098217	0.018985003232955933	0.018675003200769424	0.018375003710389137	0.01812000386416912	0.017865004017949104	0.017590003088116646	0.01743500307202339	0.01734500378370285	0.017285004258155823	0.017205003648996353	0.017040003091096878																						2.122999906539917	1.3342000246047974	1.0779999494552612	0.8061999678611755	0.6121999621391296	0.4867999851703644	0.3929999768733978	0.3149999976158142	0.2540000081062317	0.22119998931884766	0.22739998996257782	0.3937999904155731	0.42559999227523804	0.4811999797821045	0.5357999801635742	0.5687999725341797	0.9907999634742737	0.6782000660896301	0.017999999225139618	0.017855003476142883	0.13462874293327332	0.037768278270959854	0.09250006079673767	0.07750006020069122	0.004135004244744778	1073744196	-76.3736801147461	37.24544906616211
0	3	3	36.989192	-76.275829	1389.500	775.500	2024-05-22	17:40:18			2.2950000762939453	1.4215000867843628	1.1089000701904297	0.7830000519752502	0.5641000270843506	0.4223000407218933	0.31790006160736084	0.23190005123615265	0.166500061750412	0.13540005683898926	0.13940006494522095	0.2762000560760498	0.29840004444122314	0.34310004115104675	0.3717000484466553	0.3897000551223755	0.8258000612258911	0.03130500391125679	0.030625002458691597	0.029305003583431244	0.028320003300905228	0.027980003505945206	0.027560003101825714	0.027240002527832985	0.027000002562999725	0.0268000029027462	0.026575002819299698	0.026370003819465637	0.026200003921985626	0.026045003905892372	0.025885002687573433	0.02581000328063965	0.025760004296898842	0.02573000267148018	0.02569500356912613	0.02562500350177288																						2.626999855041504	1.6699999570846558	1.3273999691009521	0.9702000021934509	0.7299999594688416	0.5737999677658081	0.45799997448921204	0.36039999127388	0.28360000252723694	0.2451999932527542	0.24979999661445618	0.4083999991416931	0.43299999833106995	0.48259997367858887	0.51419997215271	0.5338000059127808	1.0108000040054321	0.8924000263214111	0.017999999225139618	0.02545500360429287	0.009976615197956562	0.39527618885040283	0.1276000589132309	0.11880005896091461	0.00829500425606966	1082132804	-76.27244567871094	36.98573303222656
